N = 10
self.want_grid = [[4, 0, 4, 4, 0, 4, 4, 0, 4, 4, 0], [3, 1, 1, 3, 1, 3, 1, 1, 3, 1, 1], [2, 2, 0, 2, 0, 2, 0, 2, 2, -1, 0], [3, 0, 4, 4, 3, 4, 4, 0, 3, -1, 0], [3, 0, 0, 3, 0, 3, 0, 0, 3, -1, 4], [1, 4, 0, 3, 0, 3, 0, 4, 1, -1, -1], [-1, -1, 2, 1, 2, 1, 2, -1, -1, -1, -1], [-1, -1, -1, 4, 0, -1, -1, -1, -1, -1, -1], [-1, -1, -1, -1, 0, -1, -1, -1, -1, -1, -1], [-1, -1, -1, -1, 4, -1, -1, -1, -1, -1, -1]]
self.stater_index = [3, 4]
self.holder_index = [7, 3]
score 1372 area 70 efficiency 19.6

N = 11
self.want_grid = [[4, 4, 0, 4, 4, 0, 4, 4, 0, 4, 4, 0], [4, 4, 0, 4, 4, 0, 4, 4, 0, 4, 4, 0], [1, 3, 1, 1, 3, 1, 3, 1, 1, 3, 1, 1], [-1, 2, 2, 0, 2, 0, 2, 0, 2, 2, -1, 0], [-1, 3, 0, 4, 4, 3, 4, 4, 0, 3, -1, 4], [-1, 3, 4, 0, 3, 0, 3, 0, 4, 3, -1, 4], [-1, 1, 4, 0, 3, 0, 3, 0, 4, 1, -1, -1], [-1, -1, -1, 2, 1, 2, 1, 2, -1, -1, -1, -1], [-1, -1, -1, -1, 4, 0, -1, -1, -1, -1, -1, -1], [-1, -1, -1, -1, -1, 4, -1, -1, -1, -1, -1, -1], [-1, -1, -1, -1, -1, 4, -1, -1, -1, -1, -1, -1]]
self.stater_index = [4, 5]
self.holder_index = [8, 4]
score 2177 area 84 efficiency 25.916666666666668

N = 12
self.want_grid = [[2, 3, 2, 2, 3, 2, 2, 3, 2, 2, 3, 2, 2], [0, 4, 4, 0, 4, 4, 0, 4, 4, 0, 4, 4, 0], [0, 4, 4, 0, 4, 4, 0, 4, 4, 0, 4, 4, 0], [1, 1, 3, 1, 1, 3, 1, 3, 1, 1, 3, 1, 1], [0, 3, 2, 2, 0, 2, 0, 2, 0, 2, 2, -1, 0], [4, 3, 3, 0, 4, 4, 3, 4, 4, 0, 3, -1, 4], [4, 2, 3, 4, 0, 3, 0, 3, 0, 4, 3, -1, 4], [-1, -1, 1, 4, 0, 3, 0, 3, 0, 4, 1, -1, -1], [-1, -1, -1, -1, 2, 1, 2, 1, 2, -1, 3, -1, -1], [-1, -1, -1, -1, 3, 4, 0, 3, -1, -1, 3, -1, -1], [-1, -1, -1, -1, 3, -1, 4, 3, -1, -1, 2, -1, -1], [-1, -1, -1, -1, 2, -1, 4, 2, -1, -1, -1, -1, -1]]
self.stater_index = [5, 6]
self.holder_index = [9, 5]
score 4257 area 115 efficiency 37.017391304347825

N = 13
self.want_grid = [[2, 3, 2, 2, 3, 2, 2, 3, 2, 2, 3, 2, 2], [2, 3, 2, 2, 3, 2, 2, 3, 2, 2, 3, 2, 2], [0, 4, 4, 0, 4, 4, 0, 4, 4, 0, 4, 4, 0], [0, 4, 4, 0, 4, 4, 0, 4, 4, 0, 4, 4, 0], [1, 1, 3, 1, 1, 3, 1, 3, 1, 1, 3, 1, 1], [0, 3, 2, 2, 0, 2, 0, 2, 0, 2, 2, -1, 0], [4, 2, 3, 0, 4, 4, 3, 4, 4, 0, 3, -1, 4], [4, 2, 3, 4, 0, 3, 0, 3, 0, 4, 3, -1, 4], [-1, -1, 1, 4, 0, 3, 0, 3, 0, 4, 1, -1, -1], [-1, -1, -1, -1, 2, 1, 2, 1, 2, -1, 3, -1, -1], [-1, -1, -1, -1, 3, 4, 0, 3, -1, -1, 2, -1, -1], [-1, -1, -1, -1, 2, -1, 4, 2, -1, -1, 2, -1, -1], [-1, -1, -1, -1, 2, -1, 4, 2, -1, -1, -1, -1, -1]]
self.stater_index = [6, 6]
self.holder_index = [10, 5]
score 6111 area 128 efficiency 47.7421875

N = 14
self.want_grid = [[2, 3, 2, 2, 3, 2, 2, 3, 2, 2, 3, 2, 2, 3], [2, 3, 2, 2, 3, 2, 2, 3, 2, 2, 3, 2, 2, 3], [0, 4, 4, 0, 4, 4, 0, 4, 4, 0, 4, 4, 0, 4], [0, 4, 4, 0, 4, 4, 0, 4, 4, 0, 4, 4, 0, 4], [1, 1, 3, 1, 1, 3, 1, 3, 1, 1, 3, 1, 1, 3], [0, 3, 2, 2, 0, 2, 0, 2, 0, 2, 2, -1, 0, 2], [4, 2, 3, 0, 4, 4, 3, 4, 4, 0, 3, -1, 4, 2], [4, 2, 3, 4, 0, 3, 0, 3, 0, 4, 3, -1, 4, -1], [-1, -1, 1, 4, 0, 3, 0, 3, 0, 4, 1, -1, -1, -1], [-1, -1, -1, -1, 2, 1, 2, 1, 2, -1, 3, -1, -1, -1], [-1, -1, -1, -1, 3, -1, 0, 3, -1, -1, 2, -1, -1, -1], [-1, -1, -1, -1, 2, -1, 4, 2, -1, -1, 2, -1, -1, -1], [-1, -1, -1, -1, 2, -1, 4, 2, -1, -1, -1, -1, -1, -1], [-1, -1, -1, -1, 4, -1, -1, -1, -1, -1, -1, -1, -1, -1]]
self.stater_index = [6, 6]
self.holder_index = [13, 4]
score 6948 area 135 efficiency 51.46666666666667

N = 15
self.want_grid = [[0, 1, 1, 0, 1, 1, 0, 1, 1, 0, 1, 1, 0, 1, 1], [0, 1, 1, 0, 1, 1, 0, 1, 1, 0, 1, 1, 0, 1, 1], [2, 2, 3, 2, 2, 3, 2, 2, 3, 2, 2, 3, 2, 2, 3], [2, 2, 3, 2, 2, 3, 2, 2, 3, 2, 2, 3, 2, 2, 3], [4, 0, 4, 4, 0, 4, 4, 0, 4, 4, 0, 4, 4, 0, 4], [4, 0, 4, 4, 0, 4, 4, 0, 4, 4, 0, 4, 4, 0, 4], [0, 1, 1, 3, 1, 1, 3, 1, 3, 1, 1, 3, 1, 1, 3], [1, 0, 3, 2, 2, 0, 2, 0, 2, 0, 2, 2, 0, 0, 2], [1, 4, 2, 3, 0, 4, 4, 3, 4, 4, 0, 3, 1, 4, 2], [4, 4, 2, 3, 4, 0, 3, 0, 3, 0, 4, 3, 1, 4, -1], [-1, -1, -1, 1, 4, 0, 3, 0, 3, 0, 4, 1, -1, -1, -1], [-1, -1, -1, 0, -1, 2, 1, 2, 1, 2, -1, 3, -1, -1, -1], [-1, -1, -1, 1, -1, 3, 0, 0, 3, 0, -1, 2, -1, -1, -1], [-1, -1, -1, 1, -1, 2, 1, 4, 2, 1, -1, 2, -1, -1, -1], [-1, -1, -1, -1, -1, 2, 1, 4, 2, 1, -1, -1, -1, -1, -1]]
self.stater_index = [8, 7]
self.holder_index = [9, 0]
score 13365 area 184 efficiency 72.63586956521739

N = 16
[[0, 1, 1, 0, 1, 1, 0, 1, 1, 0, 1, 1, 0, 1, 1, 0], [0, 1, 1, 0, 1, 1, 0, 1, 1, 0, 1, 1, 0, 1, 1, 0], [2, 2, 3, 2, 2, 3, 2, 2, 3, 2, 2, 3, 2, 2, 3, 2], [2, 2, 3, 2, 2, 3, 2, 2, 3, 2, 2, 3, 2, 2, 3, 2], [4, 0, 4, 4, 0, 4, 4, 0, 4, 4, 0, 4, 4, 0, 4, 4], [4, 0, 4, 4, 0, 4, 4, 0, 4, 4, 0, 4, 4, 0, 4, 4], [0, 1, 1, 3, 1, 1, 3, 1, 3, 1, 1, 3, 1, 1, 3, 0], [1, 0, 3, 2, 2, 0, 2, 0, 2, 0, 2, 2, 0, 0, 2, 1], [1, 4, 2, 3, 0, 4, 4, 3, 4, 4, 0, 3, 1, 4, 2, 1], [4, 4, 2, 3, 4, 0, 3, 0, 3, 0, 4, 3, 1, 4, -1, -1], [-1, -1, -1, 1, 4, 0, 3, 0, 3, 0, 4, 1, -1, -1, -1, -1], [-1, -1, -1, 0, -1, 2, 1, 2, 1, 2, -1, 3, -1, -1, -1, -1], [-1, -1, -1, 1, -1, 3, 0, 0, 3, 0, -1, 2, -1, -1, -1, -1], [-1, -1, -1, 1, -1, 2, 1, 4, 2, 1, -1, 2, -1, -1, -1, -1], [-1, -1, -1, -1, -1, 2, 1, 4, 2, 1, -1, -1, -1, -1, -1, -1], [-1, -1, -1, -1, -1, -1, -1, -1, -1, -1, -1, -1, -1, -1, -1, -1]]
self.stater_index = [8, 7]
self.holder_index = [9, 0]
score 15158 area 193 efficiency 78.53886010362694
